76.5909090900000
76.7154545460000
76.6890909080000
76.7527272720000
76.8781818180000
76.9572727260000
77.0100000000000
77.1009090900000
77.1927272720000
77.2545454560000
77.2936363640000
77.3627272740000
77.4136363640000
77.4554545440000
77.5354545440000
77.5845454560000
77.6063636360000
77.6499999980000
77.6745454560000
77.7427272720000
77.7927272720000
77.8372727280000
77.9009090900000
77.9681818160000
77.9990909100000
78.0445454540000
78.0490909080000
78.0399999980000
78.0518181800000
78.1154545440000
78.1745454540000
78.1472727260000
78.1736363640000
78.1899999980000
78.2572727280000
78.2345454540000
78.2954545440000
78.2918181800000
78.2963636360000
78.2781818180000
78.2881818180000
78.2636363640000
78.2427272720000
78.2027272740000
78.2354545440000
78.2063636360000
78.2163636360000
78.1618181820000
78.0999999980000
77.9936363640000
77.9209090920000
77.8454545440000
77.8254545460000
77.8045454540000
77.7699999980000
77.6781818180000
77.6218181820000
77.5590909080000
77.4090909080000
77.3436363620000
77.2072727280000
77.0536363640000
76.8272727260000
76.6354545440000
76.5209090900000
76.4600000000000
76.3481818160000
76.1799999980000
76.0527272720000
75.9390909000000
75.8036363600000
75.6345454600000
75.4336363600000
75.1118181800000
74.7345454600000
74.4936363600000
74.2445454600000
74.0690909000000
73.9700000000000
73.7445454600000
73.5045454600000
73.3709091000000
73.2518181800000
73.1836363600000
73.0545454600000
72.9118181800000
72.7172727200000
72.6336363600000
72.5736363600000
72.6145454600000
72.6536363600000
72.6218181800000
72.6672727200000
72.7181818200000
72.7254545400000
72.7218181800000
72.8245454600000
72.8072727200000
72.8109090800000
72.8272727200000
72.8836363600000
72.8709090800000
72.9381818200000
73.0009091000000
73.0400000000000
73.0709091000000
73.1018181800000
73.1672727200000
73.2309090800000
73.2736363600000
73.2890909000000
73.3963636400000
73.4100000000000
73.3800000000000
73.4300000000000
73.4736363600000
73.5136363600000
73.5772727200000
73.6290909000000
73.6554545400000
73.7109090800000
73.7145454600000
73.7472727200000
73.8018181800000
73.8327272800000
73.8536363600000
73.9145454600000
73.9609091000000
74.0745454600000
74.0990909000000
74.1054545400000
74.2072727200000
74.2636363600000
74.3118181800000
74.3427272800000
74.3654545400000
74.4281818200000
74.4627272800000
74.5045454600000
74.4663636400000
74.5063636400000
74.5445454600000
74.4809091000000
74.5127272800000
74.5390909000000
74.5700000000000
74.5572727200000
74.5218181800000
74.5345454600000
74.5372727200000
74.5390909000000
74.5336363600000
74.4772727200000
74.4772727200000
74.3945454600000
74.4109091000000
74.3990909000000
74.3954545400000
74.4309090800000
74.4245454600000
74.4190909000000
74.3745454600000
74.3563636400000
74.3700000000000
74.3427272800000
74.3163636400000
74.2563636400000
74.1590909000000
74.1154545400000
74.1636363600000
74.0890909000000
74.0618181800000
74.0236363600000
74.0409090800000
74.0909091000000
74.0327272800000
74.0245454600000
74.0590909000000
74.0018181800000
73.9254545400000
73.8554545400000
73.8181818200000
73.7590909000000
73.7772727200000
73.7372727200000
73.6545454600000
73.6436363600000
73.6263636400000
73.5936363600000
73.5009090800000
73.4418181800000
73.3772727200000
73.3700000000000
73.4554545400000
73.4509091000000
73.3445454600000
73.2327272800000
73.1581818200000
73.0327272800000
72.9327272800000
72.7836363600000
72.6309090800000
72.4627272800000
72.3027272800000
72.0900000000000
71.8727272800000
71.6227272800000
71.3872727200000
71.1272727200000
70.9109091000000
70.7554545400000
70.6400000000000
70.5254545400000
70.4563636400000
70.3790909000000
70.3000000000000
70.3300000000000
70.3700000000000
70.4236363600000
70.4445454600000
70.4790909000000
70.4900000000000
70.5245454600000
70.5363636400000
70.5536363600000
70.5890909000000
70.6327272800000
70.6627272800000
70.7418181800000
70.7945454600000
70.8418181800000
70.8763636400000
70.8800000000000
70.9345454600000
70.9672727200000
71.0154545400000
71.0454545400000
71.1381818200000
71.1872727200000
71.2181818200000
71.2372727200000
71.3245454600000
71.3818181800000
71.4318181800000
71.5500000000000
71.5618181800000
71.6618181800000
71.7363636400000
71.8690909000000
71.9672727200000
72.0681818200000
72.1327272800000
72.1854545400000
72.3027272800000
72.4109091000000
72.5581818200000
72.5981818200000
72.7218181800000
72.8527272800000
73.0045454600000
73.1100000000000
73.2709091000000
73.4663636400000
73.5763636400000
73.6672727200000
73.8572727200000
74.0100000000000
74.0790909000000
74.1881818200000
74.3218181800000
74.4654545400000
74.6318181800000
74.7918181800000
74.9536363600000
75.0909090800000
75.2418181800000
75.4381818200000
75.5063636400000
75.5245454600000
75.6427272800000
75.7390909000000
75.8509091000000
76.0009090920000
76.0881818180000
76.2381818180000
76.3227272720000
76.4390909100000
76.5590909100000