113.409090910000
113.284545454000
113.310909092000
113.247272728000
113.121818182000
113.042727274000
112.990000000000
112.899090910000
112.807272728000
112.745454544000
112.706363636000
112.637272726000
112.586363636000
112.544545456000
112.464545456000
112.415454544000
112.393636364000
112.350000002000
112.325454544000
112.257272728000
112.207272728000
112.162727272000
112.099090910000
112.031818184000
112.000909090000
111.955454546000
111.950909092000
111.960000002000
111.948181820000
111.884545456000
111.825454546000
111.852727274000
111.826363636000
111.810000002000
111.742727272000
111.765454546000
111.704545456000
111.708181820000
111.703636364000
111.721818182000
111.711818182000
111.736363636000
111.757272728000
111.797272726000
111.764545456000
111.793636364000
111.783636364000
111.838181818000
111.900000002000
112.006363636000
112.079090908000
112.154545456000
112.174545454000
112.195454546000
112.230000002000
112.321818182000
112.378181818000
112.440909092000
112.590909092000
112.656363638000
112.792727272000
112.946363636000
113.172727274000
113.364545456000
113.479090910000
113.540000000000
113.651818184000
113.820000002000
113.947272728000
114.060909100000
114.196363640000
114.365454540000
114.566363640000
114.888181820000
115.265454540000
115.506363640000
115.755454540000
115.930909100000
116.030000000000
116.255454540000
116.495454540000
116.629090900000
116.748181820000
116.816363640000
116.945454540000
117.088181820000
117.282727280000
117.366363640000
117.426363640000
117.385454540000
117.346363640000
117.378181820000
117.332727280000
117.281818180000
117.274545460000
117.278181820000
117.175454540000
117.192727280000
117.189090920000
117.172727280000
117.116363640000
117.129090920000
117.061818180000
116.999090900000
116.960000000000
116.929090900000
116.898181820000
116.832727280000
116.769090920000
116.726363640000
116.710909100000
116.603636360000
116.590000000000
116.620000000000
116.570000000000
116.526363640000
116.486363640000
116.422727280000
116.370909100000
116.344545460000
116.289090920000
116.285454540000
116.252727280000
116.198181820000
116.167272720000
116.146363640000
116.085454540000
116.039090900000
115.925454540000
115.900909100000
115.894545460000
115.792727280000
115.736363640000
115.688181820000
115.657272720000
115.634545460000
115.571818180000
115.537272720000
115.495454540000
115.533636360000
115.493636360000
115.455454540000
115.519090900000
115.487272720000
115.460909100000
115.430000000000
115.442727280000
115.478181820000
115.465454540000
115.462727280000
115.460909100000
115.466363640000
115.522727280000
115.522727280000
115.605454540000
115.589090900000
115.600909100000
115.604545460000
115.569090920000
115.575454540000
115.580909100000
115.625454540000
115.643636360000
115.630000000000
115.657272720000
115.683636360000
115.743636360000
115.840909100000
115.884545460000
115.836363640000
115.910909100000
115.938181820000
115.976363640000
115.959090920000
115.909090900000
115.967272720000
115.975454540000
115.940909100000
115.998181820000
116.074545460000
116.144545460000
116.181818180000
116.240909100000
116.222727280000
116.262727280000
116.345454540000
116.356363640000
116.373636360000
116.406363640000
116.499090920000
116.558181820000
116.622727280000
116.630000000000
116.544545460000
116.549090900000
116.655454540000
116.767272720000
116.841818180000
116.967272720000
117.067272720000
117.216363640000
117.369090920000
117.537272720000
117.697272720000
117.910000000000
118.127272720000
118.377272720000
118.612727280000
118.872727280000
119.089090900000
119.244545460000
119.360000000000
119.474545460000
119.543636360000
119.620909100000
119.700000000000
119.670000000000
119.630000000000
119.576363640000
119.555454540000
119.520909100000
119.510000000000
119.475454540000
119.463636360000
119.446363640000
119.410909100000
119.367272720000
119.337272720000
119.258181820000
119.205454540000
119.158181820000
119.123636360000
119.120000000000
119.065454540000
119.032727280000
118.984545460000
118.954545460000
118.861818180000
118.812727280000
118.781818180000
118.762727280000
118.675454540000
118.618181820000
118.568181820000
118.450000000000
118.438181820000
118.338181820000
118.263636360000
118.130909100000
118.032727280000
117.931818180000
117.867272720000
117.814545460000
117.697272720000
117.589090900000
117.441818180000
117.401818180000
117.278181820000
117.147272720000
116.995454540000
116.890000000000
116.729090900000
116.533636360000
116.423636360000
116.332727280000
116.142727280000
115.990000000000
115.920909100000
115.811818180000
115.678181820000
115.534545460000
115.368181820000
115.208181820000
115.046363640000
114.909090920000
114.758181820000
114.561818180000
114.493636360000
114.475454540000
114.357272720000
114.260909100000
114.149090900000
113.999090908000
113.911818182000
113.761818182000
113.677272728000
113.560909090000
113.440909090000